40,45,45,40,40
50,57,45,50,45
50,57,57,50,45
65,76,45,65,60
65,76,57,65,60
65,76,76,65,60
80,89,57,80,70
80,89,76,80,70
80,89,89,80,70
100,108,76,100,80
100,108,89,100,80
100,108,108,100,80
125,133,89,110,95
125,133,108,110,95
125,133,133,110,95
150,159,108,130,110
150,159,133,130,110
150,159,159,130,110
200,219,133,160,140
200,219,159,160,140
200,219,219,160,140
250,273,159,190,175
250,273,219,190,175
250,273,273,190,175
300,325,219,220,200
300,325,273,220,200
300,325,325,220,200
350,377,273,240,255
350,377,325,240,255
350,377,377,240,255
400,426,325,270,250
400,426,377,270,250
400,426,426,270,250
