32,38,32,30
32,38,25,30
40,45,25,30
40,45,32,30
40,45,38,30
50,57,25,45
50,57,32,45
50,57,38,45
50,57,45,60
65,76,38,55
65,76,45,70
65,76,57,70
80,89,45,75
80,89,57,75
80,89,76,75
100,108,57,80
100,108,76,80
100,108,89,80
100,114,57,80
100,114,76,80
100,114,89,80
125,133,57,100
125,133,76,100
125,133,89,100
125,133,108,100
125,133,114,100
150,159,57,75
150,159,76,75
150,159,89,130
150,159,108,130
150,159,114,130
150,159,133,130
150,168,57,75
150,168,76,75
150,168,89,130
150,168,108,130
150,168,114,130
150,168,133,130
200,219,57,95
200,219,76,95
200,219,89,95
200,219,108,95
200,219,114,95
200,219,133,140
200,219,159,140
200,219,168,140
250,273,108,140
250,273,114,140
250,273,133,140
250,273,159,180
250,273,168,180
250,273,219,180
300,325,108,140
300,325,114,140
300,325,133,140
300,325,159,140
300,325,168,140
300,325,219,180
300,325,273,180
350,377,159,220
350,377,168,220
350,377,219,220
350,377,273,220
350,377,325,220
400,426,159,220
400,426,168,220
400,426,219,220
400,426,273,220
400,426,325,220
400,426,377,220
500,530,377,300
500,530,426,300
