530,325,10.0-06-10.0-075,400,450,14,12,10.0,0.184
530,426,10.0-06-10.0-075,500,500,14,14,10.0,0.257
530,530,10.0-06-10.0-075,600,600,14,14,10.0,0.342
720,325,6.4-06-7.5-075,400,550,11.3,12,6.4,0.211
720,426,6.4-06-7.5-075,500,570,11.3,14,6.4,0.267
720,530,6.4-06-7.5-075,600,650,11.3,14,6.4,0.358
720,720,6.4-06-7.5-075,800,800,11.3,14.3,6.4,0.530
720,325,7.5-06-10.0-075,400,550,14,12,7.5,0.258
720,426,7.5-06-10.0-075,500,570,14,14,7.5,0.312
720,530,7.5-06-10.0-075,600,650,14,14,7.5,0.399
720,720,7.5-06-10.0-075,800,800,14,14,7.5,0.623
720,325,10.0-06-10.0-075,400,550,16,12,10.0,0.290
720,426,10.0-06-10.0-075,500,570,16,14,10.0,0.360
720,530,10.0-06-10.0-075,600,650,18,14,10.0,0.503
720,720,10.0-06-10.0-075,800,800,18,18,10.0,0.807
1020,325,6.4-06-7.5-075,400,700,16,12,6.4,0.395
1020,426,6.4-06-7.5-075,500,750,16,14,6.4,0.467
1020,530,6.4-06-7.5-075,600,800,16,14,6.4,0.603
1020,720,6.4-06-7.5-075,800,900,16,11.3,6.4,0.807
1020,1020,6.4-06-7.5-075,1050,1050,16,16,6.4,1.333
1020,325,7.5-06-7.5-075,400,700,18.4,12,7.5,0.452
1020,426,7.5-06-7.5-075,500,750,18.4,14,7.5,0.532
1020,530,7.5-06-7.5-075,600,800,18.4,14,7.5,0.685
1020,720,7.5-06-7.5-075,800,900,18.4,14,7.5,0.998
1020,1020,7.5-06-7.5-075,1050,1050,18.4,18.4,7.5,1.534
1020,325,7.5-06-10.0-075,800,1210,21.5,12,7.5,0.525
1020,426,7.5-06-10.0-075,1000,1260,21.5,14,7.5,0.607
1020,530,7.5-06-10.0-075,1200,1310,21.5,14,7.5,0.772
1020,720,7.5-06-10.0-075,1600,1410,21.5,16,7.5,1.117
1020,1020,7.5-06-10.0-075,2100,1560,21.5,21.5,7.5,1.793
1020,325,10.0-06-10.0-075,400,700,26,12,10.0,0.618
1020,426,10.0-06-10.0-075,500,750,26,14,10.0,0.719
1020,530,10.0-06-10.0-075,600,800,26,14,10.0,0.917
1020,720,10.0-06-10.0-075,800,900,26,18,10.0,1.333
1020,1020,10.0-06-10.0-075,1050,1050,26,26,10.0,2.173
1220,325,6.4-06-7.5-075,400,800,19.1,12,6.4,0.545
1220,426,6.4-06-7.5-075,500,850,19.1,14,6.4,0.634
1220,530,6.4-06-7.5-075,600,900,19.1,14,6.4,0.783
1220,720,6.4-06-7.5-075,800,1000,19.1,11.3,6.4,1.109
1220,1020,6.4-06-7.5-075,1050,1150,19.1,16,6.4,1.684

