0,0,66.7,69.8135,-3.06
-2,2,66.6771949828962,69.8135,-3.08
-1,2,0,1400,89,60,1399.860007,699.8600139993,.02
-2,0,66.6771949828962,64.7,2.03
-1,0,10000,1400,95,29,1540.91757830577,-848.009636832754,.02
-2,6.77,66.6,64.7,1.96
-1,6.77,0,1400,6,14,76.259624211641,-2.07697510175025,.0877
-2,13.93,64,63.1779172955026,.88
-2,3.99,63.5,62.7419438575309,.82
-2,4.26,63,62.2764684575913,.78
-2,2.25,62.5,62.0306187745246,.53
-2,3.07,62.5,61.6951705402958,.86
-2,5.63,62,61.08,.98
-1,33.13,-.109266525807425,1400,6,14,76.259624211641,2.07697510175025,.419
-2,2.76,61.885,61.08,.86
-2,1.41,63.1851630434782,61.08,2.16
-1,4.17,0,1400,45,0,579.898987322334,120.101012677667,.4607
-2,.85,63.9689492753623,61.93,2.1
-1,.85,1,1400,45,0,579.898987322334,-120.101012677667,.4692
-2,.5,64.43,61.93,2.56
-2,.5,63.9584974093264,61.93,2.09
-1,1,0,1400,44,60,579.898987322332,-120.101012677666,.4792
-2,.58,63.4115544041451,61.35,2.12
-1,.58,-.999999999999997,1400,44,60,579.898987322332,120.101012677666,.485
-2,.85,62.61,61.35,1.32
-2,7.44,62.15,61.35,.86
-1,8.29,0,0,0,0,0,0,0
